2
0.166653	3.25993	-1.3129	-0.687063	-0.404501
0.786332	3.31795	-3.55848	0.449812	0.671796
0.687763	3.00315	-2.08343	-0.752922	-0.152625
0.11904	3.01574	-1.98244	0.537339	-0.506132
-0.290753	-1.14525	-0.0393204	0.0596026	0.2403
3
1.775	3.31309	1.91617	2.24782	-0.748222	0.0105639
-0.980978	-0.042192	-0.291601	0.534506	0.0846889	0.824792
2.03606	3.42901	2.89928	1.70252	-0.302103	0.990769
1.80024	0.740827	0.675562	2.58519	-0.102634	-2.69897
2.05493	1.82422	1.25311	1.03255	-0.92938	0.218586
4
-0.0903204	1.26385	-0.419103	1.54985	0.774285	0.887797
3.41147	-1.68441	-1.28241	-3.0268	0.27842	0.558831
0.966167	0.692761	-2.95945	0.10814	-0.609912	2.50164
